10000
9.851156
9.834774
9.782581
9.8124075
9.761946
9.796144
9.76991
9.749727
9.728038
9.620697
9.579973
9.557982
9.542403
9.457875
9.483264
9.416364
9.435968
9.337935
9.245487
9.2126465
9.223411
9.252932
9.12973
9.022013
9.12021
9.086439
9.11032
9.016148
8.935707
8.92192
8.812959
8.815252
8.709952
8.710603
8.612633
8.611833
8.503716
8.385317
8.29781
8.352644
8.3708935
8.200469
8.099699
8.055519
8.045297
7.8912625
7.7724886
7.814769
7.615685
7.538976
7.275064
7.4940877
7.326602
7.1528873
7.0724626
7.0072803
6.989933
6.853142
6.944161
6.955127
7.0372324
7.0034366
6.9390807
6.784353
6.945058
6.8482275
6.8268347
6.8513136
6.8888564
6.9573693
6.9361253
7.007559
6.9577355
6.948202
6.9973297
6.978158
7.1082115
6.991322
7.0608907
6.798136
7.0504656
6.8969903
6.9789777
6.8521566
7.0043592
6.8453646
6.902969
7.0265293
6.9575477
6.9584904
6.973005
7.2314444
7.4054003
7.3997736
7.4906983
7.562588
7.587822
7.8347588
7.949043
8.242763
8.159419
8.207591
8.182022
8.038661
8.088066
8.23855
8.300398
8.274791
8.231155
8.502663
8.402328
8.329924
8.299675
8.227024
8.177333
8.122072
8.115604
8.192235
8.135292
8.112393
8.052785
7.9743905
7.910967
8.049903
7.9818954
7.9754515
7.9833803
7.904207
7.8551955
7.780815
7.7483783
7.652954
7.595682
7.6487923
7.5629764
7.5862417
7.5042453
7.616461
7.5600824
7.5631714
7.609334
7.590781
7.550294
7.566708
7.500434
7.5802855
7.528423
7.5580316
7.6094484
7.543263
7.503543
7.6096644
7.493746
7.4950695
7.4167895
7.4121523
7.393688
7.415206
7.2809205
7.3273206
7.3724566
7.3368516
7.29958
7.393522
7.3211527
7.2612085
7.261073
7.340749
7.3543077
7.338017
7.371766
7.3989234
7.508572
7.53828
7.3181877
7.388697
7.3032103
7.273678
7.3167663
7.2657437
7.166747
7.127179
7.114254
7.1241364
7.0333624
7.1050973
7.102652
7.0871677
7.1214304
7.0124345
7.185812
7.050635
7.018714
6.9175925
6.8718433
6.7942615
6.778371
6.6738677
6.5295124
6.885121
6.5982375
6.6966705
6.5557218
6.5695467
6.5589194
6.365026
6.3668723
6.412647
6.387535
6.2515125
6.3362155
6.255637
6.5286636
6.4319816
6.5967374
6.223613
6.461965
6.604161
6.627717
6.6948695
6.5035014
6.6585145
6.5326734
6.827905
6.6969957
6.7250032
6.48506
6.794486
6.5923843
6.7727385
6.7345
6.6922956
6.6585035
6.6734247
6.708571
6.6976867
6.62778
6.5603423
6.672038
6.7050943
6.568289
6.6425185
6.4544764
6.7423654
6.6346974
6.850442
6.4775233
6.8606772
6.791007
6.733428
6.7401953
6.366419
6.659001
6.549247
6.55553
6.5051603
6.6030655
6.563101
6.7550797
6.743747
6.5556273
6.5062637
6.6863823
6.614371
6.716868
6.6366262
6.5950136
6.7601686
6.7902374
6.6321106
6.701193
6.681811
6.6338634
6.569317
6.6790743
6.468079
6.6167016
6.818622
6.6834297
6.584138
6.7322364
6.72446
6.664769
6.646619
6.536512
6.634461
6.5119987
6.7011776
6.6927395
6.6081843
6.561345
6.5682406
6.4549704
6.4396505
6.6369495
6.281987
6.4291344
6.5071874
6.3178163
6.4280066
6.2584963
6.343707
6.4512014
6.1581097
6.3111653
6.1801243
6.5182357
6.424832
6.4261317
6.3803263
6.405964
6.518981
6.473991
6.3786907
6.5364766
6.5990534
6.6089625
6.231257
6.6776705
6.475515
6.562105
6.454312
6.5622215
6.368636
6.6164794
6.5516524
6.5360446
6.4560175
6.506267
6.4417
6.5468335
6.359853
6.5755258
6.2868047
6.5209
6.3057995
6.5191293
6.5284896
6.3564715
6.404457
6.428116
6.502168
6.445477
6.373261
6.2881556
6.287945
6.3591404
6.3798685
6.367893
6.3125186
6.438955
6.351496
6.355633
6.200256
6.467163
6.458395
6.4940753
6.5378532
6.6110225
6.519663
6.524542
6.5961456
6.5966535
6.6742163
6.9217763
6.8479056
6.8743215
6.814504
6.8872304
6.8603826
6.845902
6.887944
6.911017
6.9418454
7.1262317
6.944332
7.115895
6.9473047
7.013179
6.857557
6.9052753
6.932619
6.954957
6.8364263
6.7979207
6.9139237
6.9661045
6.8500853
6.891146
6.802236
6.807552
6.800088
6.704019
6.6800737
6.5885124
6.6320515
6.763162
6.7644434
6.7026687
6.67518
6.778774
6.586319
6.6942015
6.6625657
6.6636343
6.49496
6.5989237
6.647771
6.529654
6.558965
6.6558213
6.5733347
6.667828
6.7061324
6.7005734
6.770887
6.7366495
6.6336217
6.6829624
6.6513357
6.8280005
6.587138
6.7909775
6.60865
6.6562223
6.65831
6.7672615
6.602081
6.64556
6.729909
6.7892528
6.639551
6.7972174
6.8951025
6.8193545
6.7155414
6.6345487
6.700558
7.011144
6.8883967
6.8154535
6.87204
6.9658628
6.829164
6.8885694
6.9413166
7.011177
6.93636
7.1340694
7.024032
6.9004383
6.811147
6.889287
6.907712
6.7172623
6.7968154
6.9288955
6.8869457
6.882309
6.901624
6.853041
6.9850545
6.7749887
7.014941
6.8165846
6.842287
6.896798
6.7188826
6.937823
6.779314
6.658256
6.905416
6.925024
6.7462664
6.824773
6.851511
6.84229
7.0558887
6.7643642
6.861904
6.8176923
6.93627
6.7160416
6.9345403
6.819229
6.955834
6.898033
6.9711895
6.9677057
6.903746
7.059673
7.0230274
6.9480333
7.092215
7.0309796
7.172397
7.2883983
7.0069475
7.4081497
7.3022933
7.2691946
7.2283115
7.3246794
7.1845365
7.279182
7.178813
7.39607
7.3781743
7.454365
7.4154625
7.4337945
7.3434153
7.1625924
7.2066545
7.1148596
7.348131
7.3887157
7.404614
7.238918
7.146118
7.20542
7.3832593
7.1233144
7.1530037
7.141055
7.103932
6.9273286
6.9893436
6.9872093
6.9830804
7.0003076
7.0524516
6.9956875
7.156541
6.9201264
6.933611
6.925622
6.9332952
7.0479145
6.9682746
6.905585
6.9273925
6.900252
6.9323463
6.984831
6.932471
6.993519
7.0122437
6.9159384
6.8771324
6.783893
6.9275055
7.02188
6.9600625
6.8568153
6.849151
6.873967
6.8059163
7.023216
6.976759
7.1620812
6.9855514
7.0594387
7.172673
7.11709
7.084348
6.9840617
7.051648
7.0818667
7.1332135
7.246185
7.2531257
7.4447017
7.2476974
7.385877
7.3881135
7.3480506
7.354972
7.306963
7.295231
7.408435
7.4072037
7.324086
7.1349263
7.1402726
7.3487487
7.3269515
7.3860707
7.3014255
7.352844
7.13975
7.2568045
7.180391
7.3840156
7.327608
7.3202333
7.2698574
6.9508305
6.8234673
7.064779
7.074812
7.015713
6.975148
6.999586
6.7916293
6.7020125
6.86244
6.834865
6.7967577
6.8541007
6.777715
6.704503
6.8790765
6.880422
6.8754425
6.8202157
6.922157
6.8674254
7.003242
6.750008
6.8869348
6.959029
6.8427753
6.8999
6.931534
7.0523763
6.875181
6.866182
6.810232
6.9693255
6.959074
7.0938797
6.8518553
7.052304
6.928835
6.8853493
7.163786
7.054284
7.0223365
7.0357857
7.2850475
7.214955
7.347238
7.0678334
7.3212695
7.077411
7.245021
7.396978
7.341636
7.504261
7.41084
7.3179984
7.4109106
7.5764985
7.2993283
7.4687586
7.4612455
7.430977
7.284832
7.445395
7.517749
7.3309546
7.321739
7.3713074
7.2399054
7.243187
7.3046846
7.4003425
7.3827305
7.3304205
7.229529
7.231658
7.082556
7.166551
7.1446266
7.0382156
6.8539457
6.865311
6.983627
6.915747
6.8923597
6.8772426
6.8882723
6.8974442
6.9143124
6.869503
6.8018446
6.6990156
6.897431
6.6874027
6.816026
6.8357525
6.967151
6.847909
6.831829
6.9609013
6.79031
6.858701
7.0071487
6.839416
6.9313517
6.960093
7.0076756
6.8543377
6.9105434
6.945677
7.0211334
6.980499
6.8580637
6.9868608
6.892373
7.085463
7.0856266
7.0001183
7.212259
6.929251
7.1801333
6.9961543
7.2298937
7.1912313
7.174411
7.0499887
7.0670724
7.081235
7.1018343
7.4058013
7.3401265
7.3389373
7.335069
7.3525176
7.3699036
7.4313865
7.168214
7.216306
7.2842207
7.242714
7.2976866
7.2234955
7.252867
7.1331677
7.3755984
7.0449915
7.1768675
7.1144733
7.132422
7.196099
7.2424436
7.1254396
7.0252957
7.0578938
7.209331
6.970943
7.0189304
7.047644
6.957131
7.0678816
7.034251
6.8978844
6.8900423
6.8543005
6.8382244
6.734701
6.9067445
6.7864294
6.984895
6.7337136
6.917368
6.8604946
6.877786
6.868605
7.1750727
7.2007146
7.1605587
7.059592
6.8478703
6.562819
6.4609675
6.6084766
6.605036
6.1914034
6.0069265
5.680378
5.3307476
5.438696
4.799177
4.709692
4.2944245
3.928278
3.6073482
3.1826396
3.0970905
2.8753407
2.5287309
2.3166618
1.9922647
2.2022202
1.9733864
2.121793
2.4276578
2.1580682
1.8586205
2.0917625
1.9251829
1.8953137
2.253114
2.2767284
2.2906754
2.2916436
2.229386
2.8226678
2.4301524
2.3081727
2.1822314
2.6840172
2.8965874
2.4368944
2.298759
2.6478941
2.633077
2.2995045
2.3270226
2.8257813
2.8277252
2.7658203
2.4333084
2.7820404
2.7801757
2.9307864
2.1211562
2.7188842
2.77033
2.3678539
2.221073
2.5589464
2.4176168
2.6005025
2.6049757
2.7783659
2.3443491
2.6219873
2.3448024
2.0923746
2.2579875
2.5330794
2.250554
2.3834107
2.200345
2.2734115
2.4187522
2.5672257
2.7166183
2.1850343
2.3482745
2.29945
2.1722863
2.3535237
2.2315578
2.4575136
2.5030205
2.4830244
2.4787176
2.1666784
2.8497698
2.652475
2.6119335
2.141392
2.4195988
2.6332552
2.1814325
2.4756937
2.41283
2.6337569
2.276254
2.4230645
2.5934296
2.3838909
2.492853
2.2249117
2.2442172
2.2123332
2.6061344
2.322416
2.794375
2.5513167
2.5043108
2.5171902
2.4105
2.3273182
2.178458
2.24232
2.030816
1.9065337
2.4827588
2.7640758
2.668224
2.6044958
2.5496337
2.2405636
2.7321846
2.68064
2.5220537
2.6753182
2.6531353
2.915026
2.8919408
2.898509
2.372957
2.776993
2.6704652
2.6126487
2.0824158
2.1924512
2.5102959
2.4741597
2.266757
2.38428
2.171445
2.1609848
2.2647
2.1632948
2.1411638
2.3636966
2.1910057
2.1678982
2.3826041
2.2598293
2.1810684
2.1738236
2.240214
1.9756079
2.1904137
2.2601883
2.243155
2.2577415
2.3827834
2.233246
2.3542821
2.0668075
2.006839
2.101656
2.2615402
2.3004599
2.3604445
2.5581467
2.5095747
2.68855
2.2741444
2.1861024
2.123875
2.2352376
2.1695976
2.3065927
2.6901007
2.639738
2.4589725
2.4587088
2.348911
2.1074364
2.2063546
2.4163067
2.3398068
2.724203
2.7109134
2.7078118
2.4950716
2.3141751
2.3752863
2.0472515
2.2246883
2.337284
2.5633059
2.555299
2.342218
2.197727
2.0856123
1.9392406
1.9077766
1.8331968
2.1615913
2.4094558
2.3979998
2.2571027
2.1878517
2.3071024
2.2025948
2.0281856
2.0544837
1.8754201
2.1581135
2.5979414
2.6213524
2.6400957
2.670012
2.6414897
2.3846593
2.3606033
2.2840784
2.353759
2.1211429
2.5799074
2.7218237
2.661792
2.6784818
2.6051514
2.6377497
2.32175
2.4491022
2.2624059
2.1846793
2.4821362
2.4115005
2.5502872
2.688506
2.4595852
2.5769386
2.4950163
2.4394422
2.6561632
2.2836742
1.9721618
2.0378902
2.3440766
2.3118942
2.6619499
2.28832
2.66619
2.607274
2.6230755
2.1772795
2.0551727
2.2825694
2.350387
2.4116108
2.4980159
2.5713265
2.3375847
2.3611383
2.4458036
2.4636085
2.2793674
2.182252
1.9411145
2.0498748
1.9216601
2.4386156
2.5769148
2.2967868
2.5982704
2.3953755
2.6751666
2.3684773
2.2038922
2.2456105
2.385311
2.2268858
2.311253
2.5240674
2.404286
2.143943
2.3238168
2.1092105
1.9952585
2.0275586
1.9965434
2.0382328
2.3429503
2.6809123
2.5585272
2.4165485
2.5023913
2.5129821
2.3141139
2.1126523
2.067305
1.9109869
2.0225601
2.2922802
2.4607503
2.5079496
2.448851
2.3925023
2.1165664
2.2423663
2.1742263
1.8614024
2.464727
2.3336425
2.6075878
2.4272933
2.2791893
2.1396203
2.1066363
2.0754747
2.225221
2.4825811
2.5295305
2.531771
2.3067865
2.0950167
2.0066214
2.2921019
2.2699876
2.50958
2.3914182
2.190609
2.2991655
1.9190539
2.060185
2.335874
2.4530194
2.4574811
2.2661815
2.1382382
2.1458783
2.0755794
2.2714293
2.185396
2.308918
2.155424
2.0169618
2.0339208
1.8350985
1.9797033
2.229804
2.570467
2.6477869
2.3799462
2.2699082
2.4161394
2.519086
2.2822752
2.2623496
2.315542
2.4924238
2.5367606
2.4357982
2.470693
2.4197414
2.2767694
2.5190327
2.4611783
2.2851624
2.379661
2.1114883
2.6257024
2.3539796
2.4462357
2.3337781
2.192778
2.4708366
2.5110288
2.3526542
2.249138
2.737384
2.4117706
2.2971485
2.4905844
2.4177742
2.3411183
2.4759455
2.1655211
2.0867376
2.2158248
2.27549
2.30654
2.216354
2.2380733
2.54788
2.2574475
2.1373212
2.4131699
2.66024
2.3037846
2.473217
2.2132878
2.3248692
2.5784562
2.3944154
2.2166848
2.3828802
2.2336292
2.5718558
2.7171159
2.6200743
2.585453
2.8140595
2.3543556
2.568398
2.622247
2.510448
2.525075
2.5409455
2.5309248
2.4160666
2.350646
2.4746144
2.5574152
2.4199395
2.2037964
2.4025855
2.3221102
2.399619
2.2789085
2.3170598
2.3978684
2.4169073
2.2903001
2.4269466
2.6413193
2.4993734
2.2976046
2.3692532
2.2099857
2.6986694
2.5667198
2.4121647
2.4203112
2.2931466
2.3302038
2.5825517
2.5148985
2.341942
2.2906928
2.5466115
2.2234154
2.437147
2.6543753
2.4181628
2.5290697
2.4223962
2.312108
2.4190562
2.6081796
2.627907
2.4241483
2.7320945
2.5560353
2.2857358
2.4043884
2.5570676
2.3645291
2.4060621
2.4356444
2.2834625
2.141496
2.6559207
2.4149837
2.505268
2.2908242
2.218863
2.2071586
2.3798425
2.6760635
2.381375
2.5121055
2.520153
2.2518065
2.4464602
2.7697973
2.3637464
2.509229
2.4026737
2.3583434
2.6886814
2.5808191
2.6867151
2.7007606
2.6548307
2.631009
2.752244
2.369727
2.6565907
3.048915
2.8398411
2.8067114
2.4845243
2.2115047
2.4260557
2.7567048
2.4384758
2.7106645
2.406824
2.3264873
2.5278997
2.7753227
2.470226
2.3586004
2.6698644
2.6197224
2.64515
2.87227
2.697919
2.2891734
2.364625
2.3774776
2.501571
2.5830708
2.6372836
2.5320697
2.5112543
2.4304636
2.384866
2.5566442
2.7766418
2.5124292
2.299905
2.529416
2.741443
2.6293416
2.919119
2.59368
2.3622925
2.5815723
2.6709802
2.66389
2.7419696
2.958403
2.3707373
2.687592
2.8734531
2.8413756
2.754244
2.938301
2.7750368
3.1333082
3.0592213
2.8129654
3.214857
2.9663649
2.710967
2.731938
2.7879753
2.756385
3.00701
3.1406877
2.5189216
2.5611675
2.2736623
2.3021336
2.7762504
3.0060835
2.6359644
2.326588
2.368088
2.393828
2.8890984
3.0313256
2.7119644
2.2608879
2.2799592
2.3254995
2.6122503
2.8257747
2.7466698
2.2308853
1.9923468
2.1300313
2.1267705
2.22085
2.3378315
2.631531
2.4331915
2.6086326
2.6088362
2.3053453
2.378166
2.4333053
2.5691664
2.813478
2.5657957
2.5382779
2.6649096
2.6116765
2.5745766
2.3693695
2.0667613
2.1856751
2.4075615
2.3671823
2.6864643
2.46233
2.3118694
2.4617252
2.336406
2.2681491
1.9971718
2.4006288
2.753955
2.3877578
2.3575568
2.0512824
2.135075
2.5175226
2.409919
2.5693521
2.2755866
2.292867
2.572761
2.3975286
2.255706
2.0503635
2.4824443
2.7283342
2.5844936
2.5875185
2.445897
2.5265489
2.7923942
2.6151915
2.5315042
2.2226224
2.2008097
2.097596
1.8867238
2.0916476
2.2265084
2.4111152
2.260136
2.0969486
2.0058599
2.3428614
2.4193623
2.0773573
2.172118
1.8672233
1.9501623
2.1440802
2.1507041
2.1642928
2.397906
1.9618428
1.9702517
2.0466418
1.9890175
2.1168876
2.087015
2.2059572
2.3480911
2.051557
1.8929281
1.832585
1.9613098
2.1158972
1.8798631
1.8302429
1.7279248
2.253032
1.9204131
1.851651
1.7632037
2.2351282
2.0936677
1.9535702
2.2047331
2.1248825
2.2809858
1.8944837
1.8747702
1.9715443
2.1935158
2.0001462
1.8612114
2.0303807
1.8954049
2.1835432
1.7789263
1.7550156
2.007461
2.2858553
1.8828633
1.8376458
2.0250003
2.2080698
2.279422
2.2091115
2.138318
2.1169648
2.2871113
2.283404
1.8723693
2.0814362
2.273998
2.3942287
2.2675533
1.8619682
2.116714
2.1772587
2.2255304
1.9334731
2.161826
2.5649672
2.1187541
2.1492975
2.0532086
2.449939
2.3972843
2.2913144
2.1738188
2.2000093
2.5682263
2.4779534
2.2980132
2.161202
2.2708285
2.2375932
2.200481
2.0726068
2.286068
2.3773022
2.3666966
2.268835
2.2375689
2.2805462
2.3358412
2.4516199
2.317283
2.352398
2.3710303
2.5853992
2.4338348
2.4432924
2.2001333
2.4685073
2.363018
2.3422914
2.4596214
2.4494112
2.2355428
2.1436718
2.2302833
2.250762
2.3299024
2.3667219
2.2916024
2.13022
2.1813698
2.0766768
2.4847445
2.8347733
2.923056
2.6969526
2.5980892
2.1364937
1.7433131
2.0131638
2.1427038
1.9837605
1.9252951
1.697487
1.745328
1.8810655
1.8966672
2.1557279
2.1195369
2.0590959
1.8422117
1.9971311
1.9341142
1.7083204
1.664425
1.9035562
1.838481
1.9280217
2.1715991
2.2154777
2.2046642
2.118962
2.0453954
2.232709
2.4539788
2.6082096
2.6565871
2.7773328
2.8672817
2.6280155
2.3432384
2.2195835
2.298466
2.2491357
2.381946
2.5396094
2.430038
2.5143204
2.6801162
2.6601179
2.852449
2.9173784
3.0313036
2.7833362
2.9207249
2.8037806
2.5630696
2.6011252
2.8503091
3.0074103
3.0392706
3.0980237
2.9352725
2.585803
2.692381
2.8440306
2.8358698
2.561196
2.723342
2.734803
2.8129668
2.8427503
3.2086122
3.321728
3.1976233
2.8952687
2.8533208
2.6644228
2.5099907
2.5137491
2.2793617
2.2290761
2.4035563
2.3318324
2.4025092
2.7061872
2.5302253
2.4111228
2.4716663
2.3092513
2.4029684
2.0507143
2.1664658
2.2704854
2.296558
2.4717507
2.607472
2.8447592
2.9362307
3.0007284
3.1155427
3.092402
2.869597
2.8648546
2.6806986
2.9220133
2.7900076
2.8448305
3.0240579
3.1418185
3.1469448
3.2343287
2.9227588
2.9917808
2.728908
2.6502535
2.6981912
2.7734249
2.7650216
2.8998365
2.8626666
2.780251
2.8507655
2.7345853
2.8597903
2.8226109
2.7990015
2.674677
2.640862
3.1129928
3.1323655
3.2504573
3.1834135
3.0705106
3.16858
2.814607
2.684555
2.3857174
2.2802057
2.0342436
2.3429234
2.4612296
2.4694726
2.638986
2.6327817
2.7095673
2.673196
2.6957588
2.659327
2.5570235
2.5807455
2.5042405
2.4723144
2.2237039
2.506986
2.3735619
2.2853308
2.310873
2.27965
2.6208222
2.5976238
2.266627
2.2233129
2.277856
2.3066952
2.1416154
2.1764078
2.0881774
2.1057577
2.1505828
2.2812114
2.1638002
2.2128835
2.2114267
2.017984
1.762598
2.0080783
1.9454603
1.8059694
1.7510508
1.9359031
2.0721886
2.4181557
2.2592216
2.425848
2.387125
2.4616463
2.6493
2.7880065
2.7574968
2.71975
2.5110898
2.363108
2.2396452
2.0598335
2.2827249
1.6404079
1.7796556
1.8129625
2.0626538
1.9546056
1.993555
2.0365148
2.205574
1.8969951
1.8799386
2.149119
2.079301
2.3313735
2.3434412
2.2769806
2.5541518
2.3561888
2.377163
2.3216743
2.3375194
2.6877089
2.3636804
2.3437054
2.4631672
2.4246182
2.592114
2.8038287
2.5840096
2.5606847
2.5711734
2.879834
2.524155
1.975661
2.0979724
2.0947263
1.9419336
2.0652554
1.8811836
1.967658
1.7616696
1.4858586
1.4876812
1.424929
1.4280672
1.2698339
1.2596245
1.6839712
2.338569
2.558976
2.528839
2.472237
2.5290735
2.386217
2.3561864
2.3527708
2.2743182
2.4602435
2.7453587
2.5001035
2.3188794
2.3939977
2.4423397
2.2117603
2.2834713
2.222653
1.8339067
2.0308697
2.0971394
1.8246689
1.7767038
1.7782165
1.8967557
1.728112
1.8705809
2.3345983
2.0823762
2.139886
2.0543098
2.03016
1.9222803
1.9855365
2.1040924
2.1374145
2.383943
2.439539
2.3563442
2.2604082
2.363081
2.4245028
2.4195979
2.4887686
2.5501351
2.3354669
2.0464532
1.6485927
1.6761537
1.3281238
1.5489515
1.1561824
1.3412383
1.5725079
2.3071733
2.2474728
2.2203848
2.4100242
2.2894213
2.1428118
2.0684829
2.1266448
2.3270192
2.4833713
2.329185
2.540226
2.3820686
2.0053802
1.99167
2.030768
2.2742133
3.099725
3.1891184
3.3645964
3.1951492
3.2975984
2.7486074
3.0859685
2.9821293
2.8968265
2.8552387
2.5672345
2.5726128
2.5486684
2.4725692
2.4661598
2.5069616
2.5462387
2.472838
2.4981132
2.2781153
2.114922
2.2713592
2.4350202
2.6340296
2.7155175
2.5769236
2.2685633
2.155891
2.1446965
