10000
8.855923
8.894512
8.8425255
8.898587
8.876288
8.818628
8.897617
8.862996
8.8244705
8.86595
9.019686
9.002465
9.009517
9.023266
9.07029
8.941662
8.815346
8.837641
8.878679
8.887025
8.894766
8.972804
9.032061
9.059431
9.097413
9.07317
9.134824
9.136289
9.157339
9.156425
9.13553
9.143055
9.054921
9.007442
8.942015
8.964035
8.935313
9.023963
9.007784
9.043785
9.060872
9.128093
9.135681
9.127197
9.0687065
9.139673
9.132031
9.063201
9.007675
8.935918
8.905513
8.9024105
8.962901
9.0551405
9.091389
9.189303
9.191884
9.193499
9.202218
9.152612
9.094904
9.039884
8.985238
8.968912
8.97876
9.048552
9.022437
9.054155
9.02992
9.04239
9.002441
9.062567
9.027539
9.062149
9.045858
8.999336
8.993868
8.949215
8.966644
8.931818
8.784898
8.762949
8.770058
8.805936
8.760646
8.783471
8.860588
8.829357
8.874776
8.789045
8.877866
8.873343
8.934479
8.881404
8.913114
8.911778
8.921
8.9423065
8.85184
8.837885
8.839067
8.8099985
8.795853
8.8193865
8.821529
8.810509
8.814111
8.868125
8.783412
8.8672285
8.827841
8.930555
8.887424
8.87069
8.860888
8.85177
8.871663
8.858458
8.920199
8.94231
8.813362
8.876253
8.816069
8.839991
8.915871
8.827249
8.840476
8.835608
8.828822
8.899778
8.851954
8.940509
8.9224205
8.918557
8.873624
8.837212
8.853263
8.810198
8.868852
8.891916
8.970718
8.925599
8.893656
8.827143
8.850304
8.750456
8.778228
8.734161
8.719466
8.709315
8.698693
8.759751
8.669938
8.800428
8.712626
8.77099
8.724007
8.685218
8.606506
8.546884
8.493812
8.411886
8.4162245
8.420824
8.610727
8.564959
8.521004
8.507259
8.448586
8.3503685
8.282486
8.249126
8.124138
8.148714
8.001347
8.026139
7.896625
7.869917
7.7575784
7.659139
7.328625
7.1149306
6.784618
6.443976
6.0312405
5.421561
4.919289
4.4075203
4.3603024
4.5124407
4.6983047
5.1281023
5.322521
5.571842
5.6679883
5.824251
6.21927
6.4438148
6.6429505
6.898457
6.958259
7.1437063
7.292521
7.362842
7.54054
7.544248
7.479251
7.4819236
7.6226716
7.6672215
7.8574414
8.0705
8.109895
8.038743
8.104216
8.14043
8.069613
8.074017
7.9273295
8.003824
7.879003
7.90846
7.926341
7.9384527
7.9115376
7.973701
7.9825087
7.995862
7.9743958
8.026904
7.956467
8.104619
7.9472017
8.071245
8.001018
8.005408
7.976678
8.06636
8.08819
8.053697
8.025619
7.9954166
8.107666
8.072354
8.101853
7.9981766
8.042204
7.978234
7.979554
7.9951677
8.003099
8.0158415
7.950193
8.071554
8.103017
8.092524
8.0969305
8.1089325
8.110272
8.108062
8.245989
8.237895
8.238525
8.260463
8.254382
8.266071
8.272644
8.261527
8.279907
8.251523
8.300958
8.355308
8.347111
8.350722
8.313883
8.350565
8.320007
8.354039
8.3103075
8.325343
8.31666
8.317619
8.333622
8.342086
8.332294
8.362799
8.358379
8.396672
8.312079
8.378992
8.42155
8.466291
8.535157
8.483927
8.50357
8.426231
8.351415
8.282131
8.37466
8.380863
8.467216
8.4543
8.487345
8.476196
8.493464
8.503534
8.4807005
8.474652
8.468165
8.452567
8.4578705
8.483747
8.481247
8.449888
8.479872
8.473791
8.449303
8.438092
8.433668
8.395834
8.351029
8.297219
8.275702
8.277518
8.250794
8.337891
8.309265
8.38289
8.316444
8.382714
8.334609
8.399708
8.423489
8.377549
8.453185
8.412012
8.4896965
8.389008
8.415724
8.380849
8.375896
8.365857
8.38018
8.37517
8.408777
8.415038
8.397668
8.437923
8.34516
8.278347
8.398333
8.329411
8.3300085
8.255622
8.274442
8.245137
8.266261
8.288402
8.276455
8.305463
8.277033
8.257296
8.27247
8.253805
8.289535
8.284332
8.260367
8.232663
8.23317
8.373114
8.44033
8.514802
8.522313
8.478671
8.472466
8.505039
8.431751
8.463415
8.452918
8.459424
8.469257
8.417664
8.461786
8.327667
8.386102
8.285423
8.274441
8.256134
8.259659
8.240893
8.246046
8.235377
8.221647
8.259065
8.204043
8.307552
8.18657
8.295077
8.194451
8.25996
8.227943
8.255522
8.214082
8.263313
8.187177
8.306015
8.170112
8.320047
8.267188
8.400255
8.256277
8.347908
8.271481
8.296327
8.281222
8.312705
8.298517
8.424086
8.3348255
8.376482
8.349461
8.488114
8.357432
8.491148
8.35909
8.410158
8.239455
8.234946
8.044783
8.193405
8.124162
8.314503
8.406898
8.535467
8.445672
8.551684
8.453606
8.556354
8.448187
8.5522
8.403633
8.384788
8.1464205
8.185307
8.085985
8.1617775
8.119453
8.241136
8.171558
8.347932
8.210205
8.363783
8.184142
8.2215185
7.9752946
8.038953
8.013896
8.100592
7.9425535
8.028823
7.947424
7.850623
7.9683633
8.009395
7.918502
7.923878
7.9175553
7.970432
7.892855
8.011995
8.002459
8.04821
8.003716
8.012582
7.983807
8.130905
8.074689
8.167576
8.221122
8.201489
8.122109
8.079179
8.10335
8.123566
8.085459
8.036468
8.121894
8.159693
8.157811
8.121783
8.091713
8.1791115
8.242841
8.156995
8.2749195
7.913249
7.8610735
7.6440725
7.4781284
7.5016017
7.3609343
7.0942554
7.1241083
7.0982323
7.029154
7.0264926
6.9688244
6.8273892
6.662883
6.3310113
6.249201
6.3901854
6.211235
6.057829
5.7936254
5.513905
5.218014
5.2349524
5.052658
4.8520985
5.140872
4.675213
4.6127667
5.0102777
5.2123623
5.757097
5.474311
5.2522893
5.122059
5.0554156
5.4953284
5.467795
5.425151
4.9734097
4.494
4.835818
5.337045
5.4011006
5.0775037
5.3170958
4.785979
4.7225246
4.9699388
5.0349607
4.9921827
4.779154
3.9887466
4.3111467
4.318448
3.9966025
4.303231
5.1479354
5.263193
6.1559243
6.6343102
6.8254337
7.357345
7.0335608
6.4547806
6.0630946
5.4052577
5.15827
5.053878
6.3571916
6.9904175
7.9891977
7.513769
6.8259854
7.2497253
5.9002867
6.727122
6.6655583
7.3600664
7.3760133
6.888709
6.9654546
7.2056637
6.6462
6.8273067
7.137643
7.6894717
8.048393
7.737455
7.7923126
7.821459
7.6080713
6.4934077
7.301577
7.5671816
7.467972
7.619908
7.240991
6.863301
5.9841104
4.6449313
3.6775997
4.219531
3.6134982
3.0309217
3.6480572
3.4520714
3.3242505
3.3541262
3.294523
3.3873115
3.5735533
3.7131069
3.584057
3.3743136
3.6686678
3.5683377
3.5547137
3.948912
4.062726
3.928309
4.045684
4.1488733
4.1701593
3.8991723
3.6154795
3.6292288
3.340335
3.2625482
3.2375088
3.2724025
3.1736817
3.3029902
3.1983101
3.2150326
3.3988824
3.4723923
3.5774093
3.5405614
3.1212234
3.0881166
2.7676904
2.852693
2.9591374
2.8129349
2.722283
2.7622664
2.752358
2.8410676
2.787636
2.9428678
3.184024
2.9750247
2.3071132
2.1274724
2.4770114
2.6783128
2.8426862
2.72335
2.9381168
2.8024306
2.968243
3.415302
3.792286
4.023241
4.098071
4.036907
3.9358184
3.6034377
3.3836937
3.454985
3.3814692
3.3771741
3.3104668
3.403798
3.1975827
3.3503053
3.4532938
3.5162284
3.7394195
3.6938722
3.8435793
3.8548558
3.753652
4.0171766
3.9135413
3.5040057
3.420585
3.395861
3.4166687
3.1682034
3.1463547
3.279697
3.1756108
3.1108332
3.1386907
3.1048827
3.1113846
3.1552331
3.12876
3.14467
3.183279
3.0976279
3.1944003
3.1216223
3.1185791
3.167423
3.0341542
3.2486203
3.196387
3.1538002
3.063377
3.077785
3.2616835
3.078386
3.1022296
2.9753225
3.0015435
2.9002774
3.0798008
2.9332476
3.0079768
2.9293108
2.8714807
2.8823748
3.00532
2.8820858
2.6542723
2.733936
2.87263
3.134626
2.7384915
2.6160457
2.7013483
2.9417262
2.7733288
4.4287624
3.3061304
2.1794655
2.128238
2.448688
2.9046695
2.8722908
3.0289633
2.456819
2.4367085
2.8490949
2.8342998
2.4896727
2.3109713
2.366319
2.5409765
2.6840975
2.8698816
3.1025653
3.2666295
3.1539366
3.029855
2.7639012
2.2463682
2.067099
2.1663847
2.0170174
2.3020954
2.0941439
2.2368011
2.2364023
2.1977255
2.2015448
2.137442
2.1984508
2.1201046
2.127717
2.273794
2.2548692
2.2298193
2.1490154
2.0349798
1.918328
1.8912951
1.7611113
1.7984971
1.9630723
1.9607922
2.0146646
2.0671077
2.0103064
2.026701
2.0788548
2.2204258
2.230262
2.2769222
2.150357
2.2269287
2.36085
2.3449583
2.4358535
2.4551818
2.463469
2.5048103
2.3574195
2.5161178
2.4948227
2.503714
2.3704395
2.5503292
2.353527
2.538525
2.3882415
2.4344504
2.5067477
2.3513365
2.4367704
2.3038652
2.433502
2.4019856
2.41305
2.2494648
2.2510488
2.1521478
2.2140343
2.121122
2.1598387
2.0329204
2.1493816
2.0090127
2.1187785
1.9296224
2.0175424
1.9868461
1.928388
1.935784
1.8898537
1.8897444
1.8719635
1.9769732
1.9822876
2.017877
2.1071138
2.0202947
2.1565564
2.065029
2.115678
2.0144181
2.0635698
2.0594027
2.0637405
2.0075889
2.0717282
1.9021027
1.9843808
1.8955556
2.0292404
1.9693878
1.9200209
1.9905449
1.9374331
1.9626575
1.8757507
1.974996
1.9222394
2.0108569
1.9310098
1.9924262
1.9199601
2.0024028
1.9737173
1.9302688
1.9383072
1.9669425
1.967597
1.9185636
1.9355562
1.9100993
1.966243
1.996298
1.9527683
2.006168
1.9574957
1.9372462
1.8927765
1.9958262
1.9419799
1.9936365
1.9298669
1.9737148
1.9638724
1.9412572
1.9206892
1.9825718
1.9032959
2.0037408
1.9949387
1.9789679
1.965194
1.9310569
1.9555626
1.9562185
1.9955895
1.9801697
1.9761727
1.995264
2.0139463
1.9706433
1.9973762
2.0281184
1.9918984
2.0745468
2.0220068
2.0320458
2.030685
1.9803
2.0593357
1.9519135
2.0555792
2.0966642
2.0071313
2.030684
2.1200328
2.012311
2.1364083
2.0520585
2.1941154
2.049455
2.150552
2.0883467
2.2078154
2.120787
2.1738682
2.2158344
2.2110262
2.1487226
2.2894094
2.2264392
2.276994
2.2990289
2.217052
2.2978492
2.2261026
2.324463
2.3696303
2.2088919
2.3094575
2.209447
2.311061
2.3191438
2.3061013
2.336417
2.2600842
2.3574936
2.3608081
2.3144758
2.1940129
2.3920724
2.179403
2.3921235
2.3645694
2.3395503
2.3300304
2.353491
2.2768898
2.3860896
2.3905668
2.4768038
2.354766
2.545207
2.4565864
2.42442
2.439572
2.3681924
2.303238
2.3428173
2.2797437
2.2299466
2.2793586
2.249524
2.173362
2.2018325
2.161459
2.2001216
2.1693058
2.2357662
2.2592497
2.09864
2.0779004
2.200665
2.1874309
2.2817569
2.2533247
2.4740572
2.5369713
2.831793
2.8332257
3.1073046
3.1417623
3.2984462
3.2892551
3.3703532
3.4120839
3.2511423
3.1995203
3.455415
3.926788
3.783215
3.147184
2.9493442
2.804937
2.7000682
2.51905
2.3310707
2.3080592
2.6025825
3.6929336
4.0988564
4.6298203
4.835885
4.8902807
4.84321
4.565865
4.6662207
4.347973
3.6370082
3.298732
3.6071548
3.6305957
3.8707657
4.095786
4.0956244
4.115181
3.968905
3.5841699
3.676491
3.348794
3.6129227
3.9745874
3.4255373
2.841028
2.755337
2.6900866
1.3311508
2.506403
2.4045343
2.545463
2.416252
2.596616
2.8384936
2.8123784
2.809736
2.9778671
2.8496413
2.8506124
2.8822865
2.97797
3.067511
3.0326018
2.9399705
3.0049565
2.935816
3.0961645
3.0866144
3.1180828
3.1611881
3.138652
3.1564443
3.137978
3.263863
3.17851
3.1041207
3.1549864
3.1601512
3.1792316
3.2477849
3.3292527
3.2231781
3.1341043
3.3243895
3.3202438
3.2876122
3.3433135
3.3494372
3.3779333
3.382257
3.4011946
3.2860684
3.1160388
3.1153436
3.258205
3.2343075
3.2365046
3.2966795
3.3520484
3.243105
3.4241638
3.3947585
3.3909354
3.348336
3.407271
3.3924882
3.4543188
3.4181402
3.4693
3.316562
3.4129956
3.3112998
3.409681
3.387366
3.379692
3.3052342
3.428372
3.3109136
3.4154866
3.2210007
3.2961922
3.181165
3.2155912
3.2186098
3.2191424
3.1846466
3.1893032
3.2106638
3.2554772
3.3136704
3.2769897
3.2612848
3.328561
3.2026436
3.2390983
3.255771
3.1702754
3.190971
3.2408776
3.2597494
3.4018853
3.3062305
3.1811576
3.2684946
3.3704062
3.3394597
3.3335848
3.3263805
3.2821066
3.3496056
3.337505
3.3272939
3.2694137
3.1337237
3.345642
3.2597966
3.3346324
3.2450302
3.3593967
3.3375478
3.3526876
3.3662045
3.3146396
3.290122
3.307855
3.1720188
3.3287566
3.2297535
3.233514
3.2303107
3.3634853
3.3699198
3.4033725
3.3347383
3.4020755
3.3229916
3.2524748
3.2992976
3.3178117
3.2345314
3.2466466
3.2549093
3.266631
3.2220838
3.2286701
3.2611427
3.2219973
3.2093048
3.18107
3.2491581
3.2348487
3.2385657
3.2475603
3.1144965
3.228502
3.2076478
3.0251465
3.267732
3.2474597
3.225198
3.2209697
3.2290983
3.2186272
3.2055686
3.1726308
3.20122
3.1620066
3.1665008
3.206779
3.2235186
3.2021632
3.1172125
3.2084846
3.1210444
3.2555652
3.2613485
3.1266384
3.2366052
3.0943794
3.2114973
3.2605145
3.3164446
3.2860572
3.34789
3.3429527
3.3589091
3.345024
3.3665857
3.347574
3.3896205
3.337915
3.3536978
3.3656557
3.4302683
3.4270606
3.290448
3.2408013
3.2776005
3.270303
3.3636427
3.2531285
3.2932963
3.1645234
3.272631
3.3346713
3.3647244
3.2886968
3.20974
3.2772696
3.2339566
3.2859402
3.1233382
3.1620133
3.2878444
3.259936
3.210298
3.2300491
3.2272048
3.1599
3.1943972
3.087457
3.170681
3.2459054
3.293883
3.2432601
3.3043084
3.3058326
3.256569
3.1267898
3.16875
3.6222737
4.4088974
3.6441655
4.0570517
4.037593
4.097716
4.5389056
5.0066967
4.6367865
4.6994166
4.230089
3.9296973
3.8257108
3.6503263
3.7405088
3.520011
3.434748
3.787297
3.8464522
3.7971551
4.070268
4.161366
4.438854
4.3359385
3.7549083
4.156842
3.8791614
4.205416
3.859437
3.9012895
4.0206995
3.819804
2.9466658
3.0170457
3.754743
4.8021317
5.254553
3.8888195
3.987101
4.299625
3.7049363
3.4323826
3.1959622
3.217887
3.180059
2.6336925
2.620598
3.1050146
3.2239842
3.240455
3.4700487
3.5208836
3.407734
3.372252
3.5017295
3.3865056
3.3757339
3.4442248
3.3700352
3.4055023
3.271923
3.3420143
3.4022043
3.4531822
3.5018039
3.454906
3.61102
3.4388847
3.5387287
3.4713821
3.5653222
3.3591454
3.6116552
3.6035757
3.564145
3.5346916
3.5633078
3.1924706
3.3231606
3.3190866
3.2190342
3.1542811
3.2952933
3.8999228
3.8312726
2.781447
2.8795285
2.6697826
2.61048
2.656538
2.5318618
2.3239644
2.2856832
4.1358805
4.5209174
4.428213
4.572303
4.6610165
4.6981483
4.5362625
4.4770985
4.405596
4.4886684
4.671895
4.5593452
4.60644
4.4719753
4.529164
4.319008
4.3286343
4.376922
4.452169
4.421354
4.540516
4.5443625
4.5614133
4.619481
4.6210523
4.6035295
4.634242
4.612786
4.6475024
4.6638546
4.5988216
4.6439333
4.580667
4.630611
4.5722218
4.5960836
4.655662
4.6107745
4.605453
4.6694593
4.6363535
4.7682376
4.6798897
4.705264
4.6870623
4.778036
4.742107
4.6633782
4.756317
4.6739807
4.7510014
4.7491674
4.743512
4.7166657
4.693203
4.742199
4.7578144
4.7422376
4.7636757
4.7714577
4.7608957
4.735771
4.7160597
4.744405
4.7841496
4.773202
4.7436614
4.787593
4.782178
4.8182964
4.756077
4.6891193
4.741584
4.777628
4.771042
4.7238293
4.79323
4.786615
4.7847404
4.7702274
4.839883
4.8351808
4.896399
5.030343
4.988777
4.958855
4.903265
4.921996
4.868463
4.886763
4.8459134
4.870268
4.866176
4.867023
4.9665513
4.8242846
4.884074
4.8341656
4.7411666
4.7813473
4.78331
4.786931
4.816347
4.8245506
4.8600097
4.853494
4.8645225
4.8738966
4.9028606
4.921941
4.9068193
4.8959646
4.8926444
4.885126
4.8689556
4.8072424
4.796501
4.837401
4.7558804
4.8180966
4.878497
4.8540573
4.8477764
4.85147
4.857666
4.839307
4.8065877
4.8318315
4.748303
4.7675605
4.7552733
4.8234806
4.7809157
4.8335695
4.8329434
4.756464
4.8120904
5.0611897
5.1508484
5.2233577
5.3458843
5.4578705
5.4501133
5.4932165
5.4212027
5.436244
5.4282417
5.469626
5.4178476
5.5464163
5.5476866
5.49154
5.5102816
5.493926
5.532642
5.5447335
5.583734
5.565238
5.470355
5.499795
5.462932
5.5410647
5.614976
5.6708784
5.660647
5.619252
5.5826373
5.584596
5.6352406
5.6121187
5.631316
5.650407
5.5661497
5.6186333
5.6760406
5.5914516
5.6683745
5.664635
5.6902456
5.5964265
5.584448
5.667255
5.5579906
5.587491
5.639127
5.682811
5.7230434
5.6945868
5.698555
5.883304
5.704864
5.7619634
5.8142204
5.877746
5.8580174
5.862711
5.801726
5.941522
5.838129
5.91783
5.73247
6.016045
5.78827
5.799302
5.8211303
5.715663
5.947382
5.8008785
5.8096976
5.7217813
5.794201
5.7593317
5.849724
5.6454077
5.784653
5.8099046
5.6929207
5.708049
5.736716
5.7010384
5.7139883
5.7635207
5.783184
5.728942
5.798221
5.7910366
5.769591
5.704999
5.777766
5.703592
5.7838306
5.7645607
5.76057
5.7651825
5.7942705
5.69681
5.8045883
5.7704253
5.8878207
5.9809065
5.9172816
5.880864
5.575613
5.699666
5.6180058
5.558624
5.341095
5.4899073
5.707096
5.235712
4.4421725
2.8400059
2.6690643
3.0342958
3.182267
3.794419
3.5363612
2.4017284
2.519963
2.159087
2.2424746
2.1234362
2.4501407
2.6258082
3.0488353
3.5308821
3.6900852
3.745932
3.8148575
3.7464452
3.4917855
3.5762372
3.3812382
3.4378004
3.2656183
3.4305007
3.366864
3.6066146
3.544822
3.5820422
3.729779
3.6026604
3.4572785
3.2397978
2.879786
2.3842573
2.3617141
2.5186818
2.4970193
2.679369
4.702543
5.5745735
5.9080048
4.5299873
2.7859652
3.0299742
3.192878
3.8480313
3.855826
1.6114322
1.0935086
1.29077
2.2005138
1.987705
2.1468003
0.5681542
0.9522792
0.89549905
0.74237466
1.1000642
1.594126
1.4552662
1.5070113
1.3390913
