10000
5.1389546
5.139013
5.0281863
5.214587
5.1510816
5.1871367
5.124649
5.169804
5.173112
5.106171
5.0897436
5.1032505
5.1550364
5.1046534
5.1552773
5.140479
5.1481504
5.2429194
5.266652
5.217109
5.144928
5.0918474
5.2687583
5.1767135
5.2040515
5.2613263
5.1943026
5.182748
5.240777
5.212001
5.283025
5.191315
5.2131352
5.238832
5.142757
5.244168
5.276551
5.170319
5.2314916
5.1707363
5.18014
5.1907053
5.180414
5.214491
5.176058
5.1904187
5.254504
5.2149706
5.152488
5.2304535
5.2184677
5.2346854
5.0046883
4.9120607
4.833002
4.7444844
4.9063854
4.8945193
4.8713484
4.7588096
4.944055
4.8026824
4.701493
4.8115034
4.639006
4.81772
4.7971053
4.801816
4.873631
4.8982096
4.8236694
4.9
4.7639933
4.762504
4.7193546
4.707096
4.6524653
4.732885
4.675353
4.645124
4.7622905
4.7531867
4.589431
4.671919
4.637243
4.6863346
4.7002096
4.650849
4.657378
4.570579
4.574934
4.552369
4.59205
4.6410813
4.710834
4.758097
4.6024127
4.464507
4.6133075
4.6815023
4.6322746
4.606632
4.6080265
4.569776
4.6004763
4.5556135
4.6026187
4.7241
4.63423
4.6515636
4.6046095
4.6335
4.5638676
4.4983606
4.6172566
4.3314433
4.353463
4.4622226
4.298005
4.211191
4.296644
4.082579
4.116312
4.0547714
4.0561767
3.924153
3.9459476
3.7997005
3.7706294
3.7462888
3.773662
3.8100235
3.7388616
3.6843972
3.5156293
3.59847
3.552159
3.6734784
3.6384616
3.5738156
3.649776
3.5765016
3.6936445
3.6332185
3.7062807
3.6723318
3.6160316
3.509238
3.4963312
3.4985812
3.499823
3.3981886
3.4616063
3.501821
3.4908366
3.4167628
3.3582199
3.321156
3.1527903
3.2242506
3.0978394
3.2202623
3.1026626
3.0483165
3.089193
3.0925584
2.97369
2.9117835
2.7007399
2.6859467
2.566001
2.4196444
2.3036776
2.2550557
2.1116557
2.0622287
2.054563
2.0127573
1.9975986
2.0416958
1.9665179
2.0453906
2.0523865
1.9719476
1.9282087
1.9844338
2.0523293
2.0972571
2.047687
1.9841664
1.9453632
1.9435862
1.9989436
1.9914855
1.932183
1.9493788
1.7754903
1.7764963
1.8962941
1.7916782
1.7738379
1.6868032
1.7723038
1.6180845
1.4549952
1.2516385
1.1696067
1.1099749
1.1855719
1.2110935
1.2812556
1.1068674
1.0191575
1.0928239
1.1713256
1.1343206
1.142986
1.2441931
1.3319757
1.508274
1.5851122
1.7640754
1.6741207
1.8376908
1.8270273
1.8543868
1.9690123
2.140722
2.2832181
2.3719776
2.5145414
3.0714302
3.022802
3.0584867
3.052648
3.017068
2.9816809
3.0760407
3.0125327
3.0306025
3.0129535
2.9845986
3.0328999
3.053577
3.039277
3.0617013
2.945242
3.0516958
3.028767
3.0308504
3.0185184
2.957382
2.9969974
3.0607424
3.0012214
3.008267
3.1238327
2.9991205
3.036117
2.9567497
3.103364
3.0368528
3.0162225
3.0331097
2.9427688
2.9866254
2.9459133
3.0541034
2.9821765
3.028484
2.981791
2.9665604
2.97579
2.922822
2.9295473
2.9533505
2.9893236
2.9354396
2.9577293
2.9533777
2.9051096
2.9703484
2.9364386
2.9999237
2.9829316
3.021526
3.008904
2.9913905
3.0001254
3.1026018
2.927088
3.013997
3.1091158
3.132547
3.1000023
3.0383906
3.0502446
3.102847
3.0999746
3.0401483
3.1214936
3.043748
3.092782
2.986318
3.055594
3.0493708
2.9577658
2.9470062
3.0370173
3.0048008
2.956121
2.9906669
3.0692983
2.954379
3.0031924
2.8886828
2.844054
3.012682
2.960845
2.9135437
2.8917358
3.0061653
3.0386496
2.90076
2.902916
2.9292698
2.876483
2.9755893
2.8842502
2.9409602
2.953699
2.9408054
2.9771056
3.0483515
2.9537525
2.9168785
2.9393272
2.9209418
2.8646183
2.9453094
2.944735
2.9160728
2.8770127
2.8718288
2.9392033
2.9617743
2.9819202
2.9505973
2.9889932
2.9548259
2.9955182
2.8976717
2.9912126
2.9305282
2.9197392
2.936078
2.9620118
2.9544625
2.9827757
2.9750419
2.900549
2.913185
2.9454737
2.8457167
2.8862233
2.8609605
2.87677
2.8371048
2.8246875
2.808126
2.921978
2.7623289
2.8143811
2.7815912
2.9214082
2.917437
2.8203359
2.8851032
2.831393
2.9189115
2.974368
2.9460247
2.8966386
2.9273198
2.9197035
2.957927
3.022505
2.988031
2.9702053
2.9752421
2.9832697
3.0593793
3.090474
2.5177863
2.1254544
2.1167371
2.2672482
2.2775216
2.6019044
2.6356149
2.604796
2.9087653
3.0918214
2.6751816
2.6036458
2.434614
2.5543005
2.5731168
2.43071
2.5322447
2.4572968
2.9986832
3.1289935
3.1465154
3.1933334
3.1488614
3.12048
3.0920987
3.1614115
3.088173
3.1265218
3.0952685
3.0804224
2.153963
2.3520966
1.9121512
1.9564086
2.0679226
1.9305041
1.9596063
1.9875824
1.7461152
1.9225612
2.1043181
2.1899264
2.1213403
2.2976775
2.682463
2.7963974
2.7342768
2.8654094
3.102045
3.3889825
3.4357266
3.5354912
2.12466
2.235299
2.9126098
2.8999498
2.8399363
2.9311445
2.2564156
2.1867583
3.0156705
4.3483467
4.40614
4.392458
4.3500996
4.313131
4.3254356
4.042052
4.151192
4.2165866
4.2631917
4.3777237
4.3511863
4.457473
4.532612
4.586768
4.607529
4.5117273
4.4607058
4.667961
4.646513
4.693104
4.725776
4.7221975
4.7003665
4.802234
4.7939234
4.9036674
4.9108706
4.8132772
4.872707
4.782192
4.7688456
4.8192654
4.8089323
4.774032
4.8369384
4.802656
4.75768
4.8458147
4.854986
4.833955
4.763441
4.832247
4.8485985
4.696232
4.859715
4.7426577
4.717314
4.694439
4.6913304
4.7219687
4.7954884
4.6817493
4.8138046
4.6514554
4.7750363
4.6849966
4.7704916
4.700606
4.679018
4.710474
4.679886
4.686281
4.7401004
4.749745
4.8231416
4.706563
4.71471
4.5190396
4.4928026
4.3386683
4.264357
4.0067973
3.9844677
3.5760698
3.343021
3.4419746
3.7078023
3.6925962
3.8457859
3.9284396
4.2684774
4.535845
4.6067915
4.5220084
4.5261607
4.5580378
4.265814
4.3732677
4.5627594
4.466954
4.5412283
4.4891295
4.5482755
4.2779045
3.976704
4.1575527
4.0061884
3.9560654
4.045024
4.1459236
4.1177497
4.204292
4.3180184
4.4802704
4.5547256
4.619615
4.610224
4.699134
4.592265
4.6431227
4.6474905
4.638312
4.6177444
4.632742
4.6131444
4.6105843
4.618289
4.628714
4.6792736
4.62134
4.6699
4.63305
4.659174
4.671949
4.69666
4.702451
4.7023845
4.656542
4.6851835
4.631959
4.589723
4.6716213
4.580097
4.6136765
4.6150823
4.618228
4.616822
4.639003
4.6574283
4.6385846
4.6183014
4.6316767
4.651915
4.6428823
4.632388
4.5311503
4.50312
4.425742
4.44362
4.6236634
4.589113
4.6884794
4.5595655
4.5213237
4.3800817
4.550896
4.3862686
4.4270577
4.3847604
4.414175
4.408209
4.3923225
4.248289
4.0935225
3.9701166
3.8913662
3.7552068
3.7996862
4.036889
4.2040396
4.2319827
4.104421
4.026143
4.1504498
4.140403
4.2217274
4.20321
4.3016405
4.2455945
4.197101
4.123725
4.009515
3.7575338
3.6903064
3.871163
4.0537443
4.188017
4.06763
3.8725572
3.8502917
4.002558
3.9349093
3.5401902
3.596531
3.7368937
3.704304
3.8756113
3.3939457
2.989149
2.9429235
3.0901625
3.1967201
3.2913709
3.2348773
3.285213
3.3473263
3.331088
3.3308747
3.2925105
3.3210475
3.2770152
3.2940211
3.236455
3.2579498
3.3096254
3.3160872
3.274876
3.2139804
3.2405128
3.2729354
3.2638981
3.3063226
3.258264
3.3035002
3.2902565
3.2774253
3.2952302
3.2913637
3.3016143
3.3109252
3.382462
3.326468
3.3435826
3.3563852
3.3466444
3.3324244
3.3383236
3.3521838
3.3437033
3.309188
3.3071697
3.3040807
3.327918
3.3271475
3.2870023
3.330318
3.3342009
3.3075485
3.3377266
3.3063939
3.4588418
3.6046562
3.6733284
3.5267558
3.404116
3.203215
3.0137548
3.276401
3.6925535
3.5275912
3.3240957
2.905524
2.4723043
1.9960312
2.1133337
2.3166203
2.4072225
2.4332142
2.4714103
2.5488167
2.545158
2.4804938
2.4753735
2.459637
2.675825
2.7319226
2.7154322
2.6255975
2.6479123
2.607235
2.4753318
2.374846
2.3602955
2.521208
2.5236545
2.4694755
2.383673
2.3684628
2.330467
2.3458128
2.3584845
2.3843622
2.4625242
2.4848158
2.5372198
2.5716069
2.5998979
2.5813892
2.2036276
2.1031961
2.115895
1.9946003
2.147443
2.9494662
2.9880185
3.0260801
3.0504227
3.040598
2.9679415
2.961327
2.9604497
2.910638
2.8466835
2.823939
2.757082
2.7153087
2.7381408
2.786919
2.7876225
2.8793776
2.9095817
2.8810558
2.931198
2.6937253
2.2741299
2.1500256
1.9733256
2.0146728
2.0953465
2.1223
2.1901867
2.11602
2.251476
2.2893584
2.1462166
2.1736627
2.2754931
2.215967
2.300526
2.4158754
2.393898
2.2771635
2.3301046
2.373849
2.4385262
2.696221
2.6232443
2.6011639
2.498984
2.5832348
2.6112854
2.3744488
2.3363905
2.1641185
2.2179165
1.7112465
1.791222
2.1195138
2.3573472
2.2853441
2.3966146
2.296685
2.259597
2.4308121
2.3396025
2.4610596
2.3846943
2.622805
2.5564203
2.5646582
2.532116
2.835988
2.8114672
2.8071294
2.8681188
2.92279
2.9209146
3.0182595
2.9665904
2.9574566
2.9754755
3.0824244
2.988916
2.92408
2.6682239
2.5191207
2.409553
2.5080318
2.3949149
2.3641822
2.3331237
2.3791203
2.3188653
2.5160306
2.4183626
2.4537113
2.3276582
2.3692384
2.384022
2.394195
2.419561
2.3052504
2.41698
2.3361297
2.3071804
2.0150743
2.1565511
2.1816137
2.0721252
2.0368018
2.1830938
2.2663283
2.4429762
2.644405
2.5271428
2.5986962
2.7212324
2.6878216
2.6235077
2.6095314
2.3255692
1.9453558
2.0341825
2.171665
2.2050416
2.402809
2.4172852
2.3175428
2.3169477
2.4394367
2.3080409
2.5332794
2.4260364
2.6098332
2.4200726
2.0599773
2.3352263
2.671578
2.5285609
3.004323
3.120069
2.9957583
2.7142062
2.3160956
2.2805119
2.2881174
2.4062767
2.288851
2.2004454
2.370192
2.634489
3.0138237
2.999909
2.6106887
2.1236286
1.9982216
2.0209944
1.8232602
2.5374494
2.7442033
2.6889925
2.5865963
2.6108463
2.8132136
2.9347131
2.7297113
2.5204563
2.3472056
2.0548997
2.832961
2.804412
2.8676434
2.8120818
2.6794744
2.6262362
2.7455406
2.8230557
2.7420087
2.5401149
2.4058504
2.9178486
2.9669292
2.9244313
2.8718247
2.7925842
2.7718275
2.980648
2.9797087
2.5683055
2.3233
1.9834224
2.5941296
2.7352316
2.8400934
2.4767742
2.3876846
2.2407973
2.646647
2.4061897
2.4135697
2.1965146
2.1191301
2.1459138
2.2533004
2.0215716
2.2087858
2.4067411
2.7862298
2.4827316
2.547543
2.243512
2.6149716
2.6146154
2.1987886
2.5842364
2.7055054
2.701489
2.920657
2.8765454
2.7359548
2.0907483
2.0620506
2.328121
2.6415505
2.6173108
2.5186605
2.7056174
2.6398437
2.6461072
2.7158062
2.645426
3.0370698
2.9836552
3.043557
2.363371
2.1671116
2.4686084
2.5417953
2.803134
2.7244592
3.2062545
2.4863057
2.411064
2.3296235
2.6006794
2.796912
2.2602336
1.9657959
2.047176
2.063066
2.0951157
2.170375
2.1981173
2.1205869
2.433003
1.7298336
1.7772367
3.134511
2.6095824
2.5616486
2.4868956
2.379281
2.142823
1.673378
1.9085428
2.0584972
2.021446
2.0842652
2.3195417
2.2364752
2.232788
2.5166457
2.2673178
2.0151544
2.563045
2.3340318
2.645065
2.6752474
2.6340742
2.7292562
2.3310442
2.8510375
2.4423146
2.8533738
3.1765938
2.9026783
2.5556114
2.5637784
2.5948894
2.8266206
2.2053962
1.9255958
2.0776548
2.1227174
2.0759428
2.4014165
2.4097185
2.201304
2.361151
2.449984
2.6162143
2.5776129
2.5197947
2.6825233
2.165067
1.9499307
2.2483678
2.1307256
1.8739532
2.1674933
2.4360254
2.4404764
2.1367717
1.9771597
2.1598444
1.810583
1.9238752
2.138488
2.083359
2.388455
2.33453
2.1986034
1.6241505
1.8842933
1.8873273
2.2120275
2.0485442
2.485349
2.4773006
2.4391365
2.5296683
3.0587208
3.0322857
3.076958
2.756848
2.3875136
2.3833265
2.4120624
2.5263724
2.5039015
2.5603151
2.5414515
2.419283
2.4943666
2.645678
1.9529549
1.8933796
1.9417377
1.8508011
2.413561
2.5959508
2.918386
2.8715377
2.8929534
2.8116689
3.002209
3.1937637
2.2161534
1.9944203
3.2510796
3.3068843
3.1995234
3.4434302
3.0917337
3.1844869
3.1741192
3.21408
3.334546
3.1853576
3.2351758
3.144014
3.0980027
3.5729709
3.4902294
3.4256055
3.349395
3.380607
3.1794238
3.3063662
2.9850538
3.0232573
3.062506
3.0183907
3.0610585
3.1248174
3.1927273
3.0281012
3.2680957
3.2611039
3.1060557
3.050982
2.8965936
3.1946573
3.1613014
3.3240676
3.252558
3.3802202
3.4018555
3.3491387
3.2971582
3.169012
3.229939
3.2149541
3.055306
3.3318038
3.3380954
3.2137718
3.2715042
3.1819773
3.003874
3.04535
3.0766764
3.2040615
3.3787618
3.287279
3.0800111
3.0176387
2.9288402
3.094673
3.2463644
3.1710174
3.191998
3.3117318
3.3174596
3.2908792
3.2646937
3.272182
3.3185167
3.316749
3.2412362
3.2617204
3.3389983
3.4019685
3.392699
3.3109148
3.387548
3.4241433
3.3157222
3.5000875
3.2828937
3.2593277
3.1368186
3.188614
3.0801
3.2473488
3.2253911
3.254689
3.2454855
3.275197
3.3438597
3.2713335
3.3333936
3.3277087
3.351451
3.3256662
3.50877
3.3524883
3.240516
3.40419
3.4300177
3.5038562
3.3866343
3.2854156
3.5364804
3.2655826
3.3014395
3.1746702
3.174693
3.1301663
3.2073083
3.0952473
3.1178515
3.132173
3.1594765
3.1244059
3.1269588
3.085382
3.0031757
2.971706
3.012751
3.110204
3.1524105
2.9988246
2.9437354
3.038207
2.9010537
2.9683435
3.0142026
3.0780423
2.9861617
3.102025
3.1002703
3.0981784
3.1545382
3.016152
3.0614798
3.0888333
3.0626488
3.1411855
3.1244445
3.0768945
3.1984937
3.5229306
2.130817
2.4133604
2.5724401
2.428761
2.5857077
2.5963783
2.8511531
2.6792703
1.8651804
2.211878
2.0670652
2.0828993
2.4628677
2.1386068
2.3108468
2.4202783
2.789324
2.7521732
2.8328156
3.277691
3.16815
3.02908
2.6632392
2.59025
2.603867
2.4862747
2.4522228
1.8707798
1.8311963
1.2523913
1.2743157
2.3898976
2.8842607
2.907706
2.7721379
2.8064053
2.6384544
2.8118424
2.4872289
2.3944805
2.3851414
2.194058
2.878394
2.8865058
2.706985
2.8206234
2.9539137
3.0495596
2.9771957
2.6831446
2.1353827
2.2142053
1.8014394
1.1612071
1.6106942
1.8798934
1.9906832
1.765999
2.024471
1.8720152
1.5169843
1.3292619
1.4870082
2.213423
1.8694091
1.8533012
1.4622467
1.469048
1.5885383
1.4913697
1.8213925
1.8143646
1.924942
2.0049164
1.8242548
2.0272524
1.7646052
1.9583056
1.9802712
1.876053
1.9379027
1.7491828
1.7591851
1.6007973
1.6362959
2.0581737
2.2096999
2.4350767
2.5262349
2.2631958
1.8981584
2.1659052
2.1678772
2.2095587
2.154965
2.1620011
2.1102576
1.7486609
2.5007954
2.2031872
2.3183463
2.2772794
1.7399696
1.8629293
2.1706533
2.566846
2.4386497
2.5395103
2.2265563
2.2576673
2.1745138
2.3133771
2.4448655
2.43794
2.3370175
2.3364012
2.2194917
2.2463129
2.234974
2.230686
2.2373226
2.1985476
2.1927638
2.1851792
2.1038842
2.1766384
2.1477904
2.1126175
2.0813768
2.14911
2.1208296
2.3845654
2.2796888
2.425435
2.4047384
2.3762596
2.3778224
2.4462864
2.4163942
2.410953
2.4889593
2.405785
2.4024084
2.3946154
2.3548734
2.4292295
2.4699106
2.4395247
2.438426
2.4676175
2.4297504
2.544471
2.485273
2.485576
2.4851341
2.425472
2.3250608
2.4971242
2.159226
2.1899042
1.890514
1.831224
2.4528735
2.0287511
2.3619936
2.3847208
2.4249568
2.4983966
2.531579
2.571471
2.5070357
2.5957212
2.352516
2.2086537
2.0950253
2.322501
2.5715408
2.7324748
2.739616
2.7225592
2.6601496
2.5711203
2.4564335
2.5188177
2.61574
2.5903177
2.5519984
2.5832148
2.276239
2.0789459
2.2584105
2.2777267
2.2534764
2.327069
1.9518104
1.9370705
1.983912
2.2936993
2.4132886
2.4899118
2.4251368
2.5613768
2.5317283
2.5717816
2.4074173
2.4453857
2.4635181
2.415266
2.4909475
2.3487785
2.3823843
2.3702977
1.6662573
1.2912365
1.290288
1.3880508
1.3031887
1.35109
1.5005801
1.449847
1.6752847
1.7883056
1.7180045
1.5997354
1.5033833
2.1269705
1.5516746
1.8199381
1.6730287
1.6596806
1.5501752
1.5912553
1.8332602
1.9268208
1.8949977
2.1905081
2.1987934
2.1782048
2.2197018
2.179622
2.1511962
